9780198761235,HART,CONCEPT OF LAW,OXFORD UNIVERSITY PRESS,2,R,$60.50
