9780141000589,"ORGEL, STEPHEN",COMPLETE PELICAN SHAKESPEARE,THE PENGUIN GROUP,,R,$67.00
